3.50105269e-03   5.62446217e-03   9.03573224e-03   1.45159581e-02   2.33199738e-02   3.74636780e-02   6.01856236e-02   9.66885656e-02   1.55330761e-01   2.49539800e-01   4.00887187e-01   6.44027674e-01   1.03463432e+00   1.66214625e+00   2.67024794e+00   4.28976934e+00   6.89154020e+00
5.66656877e-03   9.10337675e-03   1.46246294e-02   2.34945549e-02   3.77441436e-02   6.06361933e-02   9.74124086e-02   1.56493619e-01   2.51407939e-01   4.03888363e-01   6.48849080e-01   1.04237994e+00   1.67458964e+00   2.69023831e+00   4.32188399e+00   6.94313258e+00   1.11541842e+01
7.64395417e-03   1.22800583e-02   1.97279873e-02   3.16931301e-02   5.09152038e-02   8.17955805e-02   1.31405091e-01   2.11103068e-01   3.39138346e-01   5.44827789e-01   8.75269114e-01   1.40612509e+00   2.25894839e+00   3.62901416e+00  5.83003303e+00   9.36598307e+00   1.50465080e+01
9.55227249e-03   1.53457831e-02   2.46530927e-02   3.96053414e-02   6.36262188e-02   1.02215902e-01   1.64210461e-01   2.63805091e-01   4.23804463e-01   6.80844415e-01   1.09378064e+00   1.75716516e+00   2.82289639e+00   4.53499999e+00  7.28550472e+00   1.17042071e+01   1.88028789e+01
1.35482933e-02   2.17654146e-02   3.49662692e-02   5.61735214e-02   9.02430994e-02   1.44976081e-01   2.32904944e-01   3.74163192e-01   6.01095414e-01   9.65663391e-01   1.55134404e+00   2.49224351e+00   4.00380416e+00   6.43213542e+00  1.03332642e+01   1.66004509e+01   2.66687241e+01
1.53507519e-08   9.32236285e-09   4.72094030e-09   1.89856525e-09   7.39671396e-10   2.82503810e-10   9.11267886e-11   2.77286129e-11   7.77350707e-12   1.65051900e-12   7.29776281e-14  -1.80823991e-13  -3.19747773e-14   2.04542975e-17 -7.48906107e-14  -8.34587750e-14              nan
1.18308557e-08   7.01987600e-09   2.83762135e-09   1.14790556e-09   4.11095965e-10   1.21530860e-10   3.23950009e-11   8.61208879e-12   2.06354552e-12   3.27320517e-13  -6.78407188e-14  -3.29364921e-14   6.17514878e-15  -6.64195018e-14 -6.40357215e-14              nan              nan
8.18460647e-09   4.64397751e-09   1.76420665e-09   6.45499058e-10   1.92163447e-10   4.69221415e-11   1.15211470e-11   3.01311792e-12   7.28322542e-13   9.44870070e-14  -1.95472366e-14  -1.94651937e-14   3.78097184e-14  -8.94604305e-15              nan              nan              nan
5.06260092e-09   2.76900354e-09   9.48565100e-10   3.02858704e-10   7.66202541e-11   1.81644188e-11   4.68997637e-12   1.28526022e-12   2.52195583e-13  -7.87543597e-14  -1.25353724e-14  -1.28363209e-14  -3.62582696e-14   3.73173026e-14              nan              nan              nan
3.13143313e-09   1.62441555e-09   5.72623324e-10   1.61768404e-10   3.81278451e-11   1.00153787e-11   2.73121548e-12   9.24309891e-13   1.93604840e-13   3.29284344e-14  -3.95274417e-15  -3.89932707e-14  -1.41549506e-13              nan             nan              nan              nan
 
