3.50105269e-03   5.62446217e-03   9.03573224e-03   1.45159581e-02   2.33199738e-02   3.74636780e-02   6.01856236e-02   9.66885656e-02   1.55330761e-01   2.49539800e-01   4.00887187e-01   6.44027674e-01   1.03463432e+00   1.66214625e+00  2.67024794e+00   4.28976934e+00   6.89154020e+00
9.83834433e-09   6.39713731e-09   3.77291025e-09   1.96749577e-09   9.20172215e-10   3.16859931e-10   6.25782057e-11   1.24109090e-11   3.55704018e-12   1.44367880e-12   5.59181010e-13   5.13250226e-13   2.89077901e-13  -4.40164590e-14 -1.19479115e-13  -6.30959809e-13              nan
5.66656877e-03   9.10337675e-03   1.46246294e-02   2.34945549e-02   3.77441436e-02   6.06361933e-02   9.74124086e-02   1.56493619e-01   2.51407939e-01   4.03888363e-01   6.48849080e-01   1.04237994e+00   1.67458964e+00   2.69023831e+00  4.32188399e+00   6.94313258e+00   1.11541842e+01
8.79900888e-09   5.90056864e-09   3.12517787e-09   1.65757085e-09   6.47069062e-10   1.42398887e-10   2.15129050e-11   4.01987143e-12   9.40726405e-13   2.20415423e-13   7.52080202e-14   1.95543287e-14  -1.11595744e-14  -1.10500217e-13 -9.75705559e-14              nan              nan
7.64395417e-03   1.22800583e-02   1.97279873e-02   3.16931301e-02   5.09152038e-02   8.17955805e-02   1.31405091e-01   2.11103068e-01   3.39138346e-01   5.44827789e-01   8.75269114e-01   1.40612509e+00   2.25894839e+00   3.62901416e+00  5.83003303e+00   9.36598307e+00   1.50465080e+01
6.42143051e-09   4.46646563e-09   2.40277176e-09   1.13734994e-09   3.27827169e-10   5.33953855e-11   8.80121463e-12   2.03299004e-12   6.51233152e-13   2.27140111e-13   5.89062339e-14  -2.91379492e-15  -7.05745675e-14  -2.04789215e-13             nan              nan              nan
9.55227249e-03   1.53457831e-02   2.46530927e-02   3.96053414e-02   6.36262188e-02   1.02215902e-01   1.64210461e-01   2.63805091e-01   4.23804463e-01   6.80844415e-01   1.09378064e+00   1.75716516e+00   2.82289639e+00   4.53499999e+00  7.28550472e+00   1.17042071e+01   1.88028789e+01]
4.60523440e-09   3.24068054e-09   1.62728746e-09   6.30782379e-10   1.39619223e-10   2.02957303e-11   3.81870018e-12   1.13875847e-12   4.14925452e-13   8.88605149e-14  -6.15697750e-15   1.10080980e-14   1.69883485e-14   2.56524827e-14             nan              nan              nan
1.35482933e-02   2.17654146e-02   3.49662692e-02   5.61735214e-02   9.02430994e-02   1.44976081e-01   2.32904944e-01   3.74163192e-01   6.01095414e-01   9.65663391e-01   1.55134404e+00   2.49224351e+00   4.00380416e+00   6.43213542e+00  1.03332642e+01   1.66004509e+01   2.66687241e+01
3.00803687e-09   2.06244123e-09   1.00819547e-09   3.33785091e-10   6.56560079e-11   1.07130662e-11   2.13950948e-12   6.84672749e-13   2.68624310e-13   5.72305323e-14   5.60108694e-16  -3.92927994e-14  -9.00399170e-15              nan             nan              nan              nan
